from,to
0,224
0,577
0,352
0,69
0,7
0,391
0,330
0,244
0,540
1,258
1,143
1,337
1,18
1,306
1,504
1,346
1,94
2,512
2,296
2,234
2,373
2,57
2,382
3,588
4,579
4,307
5,48
5,338
5,27
5,122
6,577
6,549
6,7
6,564
6,344
6,26
7,0
7,577
7,352
7,69
7,6
7,391
7,302
7,211
7,282
7,540
8,245
8,214
9,544
9,96
9,354
9,520
9,523
9,17
9,569
9,60
9,414
10,292
10,43
10,462
10,113
10,598
10,182
11,385
11,278
12,586
12,246
13,416
13,170
13,529
13,248
13,411
13,254
14,320
14,138
14,333
14,173
14,597
14,412
15,80
15,449
15,390
16,517
16,149
17,96
17,544
17,9
17,523
17,204
17,268
17,339
17,414
18,1
18,143
18,337
18,306
18,596
18,148
18,504
18,94
19,480
19,104
19,557
19,243
19,379
20,64
20,578
20,295
20,551
20,177
20,151
20,536
21,130
21,485
21,461
21,183
21,284
21,319
22,482
22,468
22,166
22,479
23,214
24,33
24,331
24,77
24,269
24,497
24,179
25,114
25,362
26,344
26,564
26,133
26,6
27,5
27,118
28,66
28,200
28,426
28,83
28,538
29,451
29,100
29,137
29,587
29,140
29,403
29,404
29,152
29,89
29,63
30,256
30,494
30,592
30,567
30,473
30,31
31,81
31,567
31,62
31,473
31,30
32,224
32,490
32,555
32,394
32,381
32,318
33,24
33,497
33,269
33,86
34,35
34,572
34,191
35,274
35,355
35,34
35,268
36,450
36,233
36,108
36,146
36,342
36,475
36,476
37,177
38,160
38,489
38,334
38,398
38,495
38,366
38,498
38,50
38,188
39,384
39,417
39,576
39,444
39,314
39,271
39,465
39,114
39,281
39,250
39,348
40,257
40,322
40,517
40,487
40,492
40,401
40,467
40,596
40,149
40,116
40,313
40,346
41,579
41,196
41,52
42,129
42,514
42,386
42,229
42,91
43,292
43,484
43,10
43,76
43,113
43,182
43,61
44,228
44,359
44,202
44,207
44,336
44,255
45,466
45,315
45,172
45,463
46,419
46,228
46,131
46,135
46,439
46,347
46,255
47,64
47,578
47,197
47,551
47,536
47,409
47,154
48,355
48,5
48,367
48,118
48,571
49,90
49,119
50,38
50,489
50,366
50,334
50,469
51,195
51,567
51,402
51,439
51,93
52,41
52,579
52,196
53,362
54,104
54,432
54,594
54,379
54,415
55,412
55,597
55,332
55,365
56,68
56,266
56,372
56,534
56,185
56,92
57,234
57,2
57,373
57,382
58,98
58,165
58,550
58,395
58,555
58,156
59,220
59,412
59,597
60,354
60,9
60,523
60,204
60,180
60,598
60,414
61,484
61,43
61,76
61,464
61,113
61,413
62,494
62,398
62,495
62,501
62,249
62,31
63,513
63,225
63,376
63,100
63,426
63,587
63,140
63,433
63,403
63,152
63,29
64,551
64,47
64,177
64,20
64,151
64,95
65,384
65,417
65,548
65,75
65,174
65,271
65,241
65,114
65,465
65,87
65,281
65,314
66,264
66,200
66,595
66,181
66,28
66,317
67,385
67,326
67,266
67,493
67,399
67,528
67,184
67,121
67,285
68,307
68,372
68,56
68,185
68,92
69,448
69,352
69,224
69,0
69,133
69,7
69,456
69,330
69,110
69,244
69,282
69,540
70,320
70,425
70,138
70,173
70,275
70,567
70,443
71,389
71,103
71,552
71,106
71,429
71,238
71,558
71,435
71,215
71,345
72,519
72,270
72,505
72,349
72,350
73,523
73,354
73,339
73,598
74,200
74,161
74,378
74,132
75,65
75,417
75,134
75,150
75,87
75,223
76,61
76,43
76,220
76,413
77,553
77,331
77,269
77,497
77,86
77,24
77,575
78,217
78,389
78,103
78,106
78,238
78,558
78,178
78,345
79,417
79,272
79,312
79,314
79,348
80,449
80,194
80,328
80,296
80,15
80,593
81,583
81,275
81,567
81,473
81,31
82,259
82,422
82,105
82,363
82,461
82,239
82,144
82,400
82,277
82,470
82,377
82,319
83,323
83,166
83,242
83,538
83,28
83,479
84,99
85,161
85,591
85,533
85,475
85,283
85,511
86,33
86,387
86,553
86,77
86,497
86,117
86,575
87,384
87,192
87,65
87,548
87,75
87,174
87,150
87,314
88,141
88,366
88,495
88,210
88,501
88,249
88,286
89,328
89,394
89,587
89,140
89,403
89,404
89,508
89,29
90,197
90,49
90,151
90,536
90,222
90,95
91,129
91,514
91,393
91,42
91,343
92,56
92,185
92,68
93,228
93,421
93,583
93,51
93,439
93,253
94,1
94,258
94,143
94,337
94,18
94,504
94,346
95,64
95,420
95,119
95,151
95,90
95,571
95,222
96,544
96,416
96,354
96,520
96,9
96,204
96,17
96,248
96,154
96,414
97,192
97,547
97,362
97,174
97,150
97,223
98,449
98,555
98,395
98,58
98,156
99,231
99,519
99,333
99,559
99,84
99,410
99,541
100,513
100,451
100,137
100,587
100,140
100,403
100,503
100,29
100,63
101,509
102,288
102,196
102,356
102,145
102,535
102,280
102,507
103,161
103,132
103,389
103,71
103,78
103,178
103,212
104,480
104,161
104,19
104,405
104,54
104,342
104,379
104,511
105,514
105,393
105,305
105,82
105,470
105,441
105,319
106,217
106,71
106,78
106,558
106,112
106,341
106,215
106,345
107,358
107,392
107,424
107,529
107,183
107,411
107,254
108,36
108,549
108,433
108,211
108,503
108,476
109,192
109,418
109,262
109,362
109,174
109,500
109,150
109,251
110,577
110,513
110,69
110,549
110,455
110,137
110,267
110,302
110,211
111,288
111,162
111,324
111,550
111,396
111,205
111,438
111,280
111,155
111,445
112,217
112,106
112,341
112,345
112,506
113,292
113,10
113,43
113,464
113,182
113,537
113,61
114,384
114,65
114,576
114,281
114,39
114,588
114,271
114,465
114,25
114,444
115,263
115,360
115,428
115,208
115,187
115,349
116,291
116,40
116,522
116,205
116,273
116,309
117,387
117,358
117,392
117,553
117,86
117,126
117,351
118,355
118,367
118,48
118,338
118,27
119,49
119,95
119,222
119,151
120,193
121,67
121,326
121,372
121,184
121,185
121,285
122,520
122,274
122,5
123,260
123,486
123,278
124,481
124,418
124,547
124,262
124,400
124,530
124,148
124,186
124,251
125,581
125,531
125,436
125,471
125,159
126,392
126,529
126,117
127,160
127,261
127,136
127,334
127,574
128,265
128,534
128,383
129,393
129,42
129,144
129,305
129,343
129,91
130,586
130,235
130,21
130,246
130,311
130,183
130,411
130,284
131,464
131,419
131,46
132,161
132,103
132,74
132,238
132,178
133,577
133,26
133,69
133,391
133,456
133,460
133,302
133,209
133,244
133,564
133,282
133,380
133,540
134,481
134,262
134,75
134,147
134,284
134,319
135,228
135,421
135,359
135,46
135,207
135,255
136,580
136,261
136,364
136,437
136,245
136,574
136,127
137,451
137,100
137,587
137,140
137,110
137,403
137,152
137,29
138,320
138,70
138,275
138,14
139,432
139,336
139,594
139,368
139,405
140,513
140,451
140,100
140,137
140,587
140,369
140,152
140,403
140,376
140,89
140,29
140,63
141,88
141,169
141,581
142,482
142,561
142,563
142,218
142,479
143,1
143,258
143,18
143,306
143,346
143,94
144,129
144,422
144,363
144,459
144,82
144,470
144,319
145,162
145,356
145,324
145,102
145,550
145,453
145,438
145,280
145,507
145,477
146,450
146,36
146,549
146,533
146,342
146,503
146,475
146,476
146,511
147,481
147,223
147,262
147,422
147,134
147,461
147,239
147,246
147,311
147,284
147,319
148,257
148,517
148,487
148,530
148,18
148,313
148,251
148,124
149,294
149,487
149,40
149,16
149,596
149,277
149,221
150,192
150,97
150,418
150,548
150,262
150,362
150,75
150,109
150,174
150,241
150,87
150,223
151,64
151,177
151,20
151,119
151,536
151,90
151,222
151,95
152,513
152,137
152,587
152,140
152,433
152,503
152,376
152,29
152,63
153,482
153,166
153,468
153,158
153,479
154,96
154,551
154,295
154,47
154,240
154,374
155,288
155,324
155,550
155,111
155,438
155,280
155,507
155,477
155,445
156,98
156,555
156,395
156,373
156,58
157,553
157,331
157,269
157,497
157,599
157,189
158,153
158,556
158,166
158,542
159,203
159,175
159,436
159,570
159,125
160,227
160,38
160,334
160,366
160,210
160,127
161,480
161,290
161,132
161,103
161,104
161,74
161,212
161,85
162,356
162,453
162,111
162,145
162,276
162,280
162,477
163,419
163,195
163,421
163,464
163,439
163,408
163,253
163,255
164,519
164,516
164,349
164,263
165,288
165,58
165,291
165,324
166,482
166,83
166,468
166,563
166,22
166,153
166,218
166,158
166,479
167,340
167,493
167,278
167,542
168,580
168,334
169,581
169,202
169,141
169,336
169,368
169,407
169,287
170,392
170,424
170,235
170,13
170,529
170,183
170,411
171,416
171,529
171,599
172,45
172,463
172,561
172,532
172,472
173,70
173,299
173,14
173,275
173,443
174,384
174,97
174,65
174,192
174,109
174,150
174,87
174,223
175,436
175,364
175,574
175,159
176,472
176,315
176,452
176,479
177,64
177,37
177,197
177,295
177,551
177,20
177,151
177,536
177,409
178,132
178,389
178,103
178,78
178,238
178,212
179,24
179,497
180,523
180,60
180,598
181,225
181,66
181,200
181,426
181,591
181,370
181,242
181,378
181,283
182,484
182,292
182,10
182,43
182,462
182,113
183,130
183,259
183,485
183,170
183,107
183,239
183,21
183,190
184,121
184,67
184,454
184,372
184,185
184,285
185,68
185,326
185,307
185,184
185,121
185,56
185,92
185,285
186,293
186,363
186,530
186,251
186,124
187,516
187,360
187,208
187,115
187,505
187,349
188,38
188,398
188,495
188,334
188,498
188,210
188,469
188,501
188,286
189,354
189,331
189,204
189,462
189,497
189,339
189,569
189,157
190,386
190,259
190,239
190,183
190,284
191,34
191,355
191,516
192,97
192,418
192,262
192,362
192,109
192,174
192,150
192,87
193,120
193,307
193,372
193,285
194,512
194,80
194,555
195,163
195,464
195,51
195,439
195,253
195,413
196,356
196,102
196,41
196,52
196,276
196,535
197,551
197,47
197,177
197,338
197,409
197,90
197,571
198,327
198,329
198,396
198,430
198,304
198,445
199,427
199,560
199,566
199,570
199,252
199,446
200,66
200,74
200,595
200,181
200,28
201,584
201,233
201,397
201,527
201,464
201,499
201,347
202,169
202,44
202,368
202,336
202,287
203,407
203,159
203,279
203,287
204,96
204,544
204,354
204,17
204,339
204,599
204,569
204,60
204,189
205,288
205,483
205,329
205,111
205,116
205,438
205,445
206,425
206,275
206,443
206,526
207,560
207,44
207,368
207,135
208,263
208,270
208,115
208,187
208,572
209,448
209,577
209,133
209,456
209,236
209,460
209,244
209,540
210,88
210,188
210,334
210,160
211,577
211,7
211,267
211,108
211,110
211,564
211,282
212,161
212,389
212,103
212,238
212,178
212,379
213,515
213,357
213,361
213,298
213,431
213,562
213,406
213,568
213,510
214,8
214,531
214,308
214,23
215,71
215,361
215,106
215,429
215,301
215,431
215,562
215,595
215,435
215,568
216,515
216,357
216,361
216,585
216,298
216,431
216,406
216,568
217,552
217,106
217,429
217,78
217,558
217,112
217,345
217,506
218,482
218,166
218,142
218,563
218,538
219,321
219,353
219,518
219,335
220,484
220,76
220,59
220,412
220,413
221,487
221,524
221,305
221,277
221,149
221,447
222,420
222,119
222,151
222,90
222,95
223,97
223,418
223,262
223,75
223,174
223,147
223,500
223,150
223,314
224,0
224,32
224,352
224,69
224,330
224,267
225,426
225,591
225,370
225,403
225,242
225,181
225,376
225,63
226,496
226,562
226,371
226,582
227,160
227,366
227,364
227,334
228,421
228,359
228,135
228,44
228,46
228,93
228,255
229,448
229,393
229,42
229,343
230,247
231,410
231,99
231,333
231,509
232,546
232,382
232,590
232,447
233,36
233,584
233,201
233,458
233,397
233,527
233,533
233,347
234,57
234,2
234,373
234,382
235,130
235,386
235,485
235,424
235,170
235,529
235,411
235,254
236,460
236,209
236,387
236,380
237,444
238,132
238,389
238,71
238,264
238,78
238,558
238,178
238,212
238,345
239,422
239,461
239,82
239,147
239,470
239,311
239,183
239,284
239,190
239,319
240,416
240,551
240,374
240,248
240,154
241,384
241,65
241,548
241,250
241,271
241,150
241,314
241,348
242,225
242,323
242,83
242,563
242,181
243,480
243,458
243,557
243,19
243,533
243,379
244,0
244,577
244,352
244,69
244,133
244,391
244,456
244,330
244,267
244,302
244,209
244,564
244,344
244,540
245,8
245,136
245,261
245,574
246,130
246,259
246,424
246,12
246,147
246,284
247,230
248,544
248,96
248,416
248,13
248,240
249,398
249,494
249,501
249,88
249,62
250,384
250,417
250,576
250,548
250,39
250,271
250,465
250,241
250,348
251,545
251,547
251,109
251,530
251,148
251,186
251,124
252,199
252,427
252,560
252,566
252,471
252,446
252,415
253,163
253,195
253,583
253,402
253,93
254,392
254,424
254,107
254,235
254,13
254,529
254,411
255,163
255,228
255,421
255,419
255,135
255,359
255,44
255,46
256,299
256,526
256,275
256,567
256,473
256,443
256,30
257,517
257,294
257,487
257,40
257,492
257,401
257,467
257,148
257,596
257,313
258,1
258,143
258,337
258,306
258,504
258,346
258,94
259,422
259,459
259,461
259,82
259,246
259,183
259,470
259,190
260,452
260,486
260,340
260,278
260,123
261,580
261,136
261,364
261,245
261,574
261,127
262,192
262,481
262,547
262,134
262,362
262,109
262,147
262,150
262,124
262,223
263,164
263,516
263,360
263,208
263,115
264,66
264,389
264,554
264,238
264,595
264,317
265,128
265,289
265,326
265,266
265,372
265,383
266,385
266,289
266,67
266,454
266,265
266,399
266,528
266,56
266,383
267,224
267,352
267,455
267,110
267,211
267,244
268,17
268,354
268,35
268,414
269,33
269,331
269,77
269,434
269,24
269,157
269,575
270,72
270,360
270,208
271,384
271,417
271,65
271,39
271,241
271,114
271,465
271,348
271,281
271,250
271,444
272,586
272,314
272,79
272,311
273,291
273,522
273,396
273,116
273,309
273,502
274,122
274,35
275,320
275,256
275,70
275,425
275,138
275,299
275,173
275,206
275,81
276,162
276,196
276,453
276,507
276,477
276,445
277,546
277,293
277,487
277,82
277,149
277,441
277,221
278,260
278,167
278,11
278,303
278,123
279,203
279,436
279,581
280,288
280,162
280,550
280,102
280,111
280,145
280,438
280,155
280,477
280,445
281,384
281,65
281,576
281,39
281,271
281,114
281,312
281,314
281,348
282,577
282,549
282,69
282,133
282,7
282,302
282,211
282,564
283,450
283,290
283,591
283,85
283,181
283,475
283,511
284,130
284,134
284,239
284,147
284,21
284,470
284,246
284,311
284,190
284,319
285,193
285,185
285,67
285,493
285,184
285,121
286,88
286,188
286,501
286,398
287,581
287,169
287,202
287,203
287,560
287,368
287,407
287,415
288,483
288,324
288,165
288,102
288,550
288,205
288,111
288,438
288,280
288,539
288,155
288,477
288,445
289,326
289,454
289,265
289,266
289,383
290,161
290,450
290,591
290,379
290,342
290,283
290,511
291,165
291,522
291,524
291,273
291,467
291,116
291,309
292,10
292,43
292,113
292,434
292,339
292,182
293,517
293,294
293,487
293,400
293,530
293,596
293,277
293,186
294,257
294,293
294,517
294,487
294,492
294,401
294,530
294,149
295,424
295,177
295,20
295,374
295,154
296,512
296,2
296,555
296,80
296,593
297,328
297,390
297,383
298,515
298,357
298,361
298,429
298,301
298,435
298,213
298,406
298,216
299,256
299,320
299,425
299,173
299,592
299,275
299,567
299,473
300,504
300,337
300,306
301,321
301,357
301,585
301,361
301,298
301,406
301,215
302,577
302,549
302,133
302,391
302,7
302,110
302,244
302,564
302,344
302,282
302,476
302,540
303,340
303,278
304,310
304,329
304,198
305,129
305,105
305,470
305,441
305,221
306,1
306,258
306,545
306,300
306,143
306,337
306,18
306,504
307,193
307,4
307,68
307,534
307,185
308,531
308,573
308,214
309,291
309,492
309,590
309,273
309,116
310,304
311,130
311,422
311,239
311,272
311,147
311,284
312,384
312,588
312,79
312,281
312,348
313,257
313,322
313,517
313,487
313,40
313,492
313,401
313,148
313,596
314,384
314,65
314,417
314,548
314,39
314,79
314,272
314,241
314,87
314,281
314,348
314,223
315,452
315,521
315,45
315,463
315,176
315,561
315,472
316,573
316,510
317,264
317,66
317,595
317,554
318,352
318,512
318,32
318,490
318,381
319,134
319,422
319,105
319,461
319,239
319,144
319,82
319,147
319,21
319,284
320,70
320,138
320,299
320,14
320,275
320,567
320,413
321,457
321,301
321,335
321,406
321,474
321,219
322,40
322,401
322,492
322,313
323,83
323,242
323,563
324,288
324,483
324,165
324,550
324,155
324,111
324,145
324,438
324,507
324,539
324,477
325,516
326,289
326,121
326,67
326,454
326,265
326,534
326,185
326,383
327,329
327,430
327,198
328,80
328,297
328,89
328,543
329,198
329,327
329,396
329,205
329,430
329,304
329,502
330,0
330,224
330,352
330,69
330,455
330,244
331,553
331,77
331,269
331,497
331,434
331,157
331,24
331,189
332,423
332,365
332,597
332,55
332,505
333,99
333,231
333,425
333,14
333,559
333,541
334,160
334,227
334,38
334,168
334,366
334,210
334,50
334,469
334,188
334,127
335,321
335,353
335,457
335,474
335,219
336,421
336,169
336,202
336,139
336,44
336,432
337,1
337,258
337,300
337,18
337,306
337,504
337,346
337,94
338,197
338,5
338,118
338,409
338,571
339,354
339,292
339,73
339,523
339,204
339,17
339,569
339,189
340,452
340,260
340,303
340,167
341,112
341,106
341,506
341,558
342,290
342,450
342,36
342,104
342,458
342,557
342,146
342,511
343,448
343,129
343,514
343,229
343,91
343,382
344,6
344,391
344,456
344,302
344,244
344,564
344,26
344,476
345,71
345,552
345,106
345,558
345,78
345,112
345,238
345,435
345,217
345,506
345,510
346,1
346,258
346,40
346,143
346,337
346,94
347,233
347,201
347,397
347,46
347,527
348,417
348,39
348,250
348,588
348,79
348,271
348,241
348,465
348,312
348,281
348,314
349,164
349,516
349,72
349,115
349,187
349,350
350,423
350,72
350,505
350,410
350,349
351,386
351,485
351,358
351,529
351,117
352,0
352,224
352,69
352,7
352,330
352,267
352,244
352,318
353,457
353,474
353,219
353,335
354,96
354,9
354,73
354,523
354,204
354,268
354,339
354,60
354,189
355,35
355,428
355,367
355,48
355,118
355,191
356,162
356,388
356,196
356,102
356,145
356,442
356,507
356,477
357,585
357,568
357,361
357,298
357,301
357,213
357,406
357,216
358,386
358,485
358,392
358,107
358,529
358,117
358,351
359,228
359,421
359,583
359,135
359,44
359,255
360,115
360,187
360,270
360,263
361,515
361,357
361,585
361,298
361,568
361,301
361,431
361,435
361,213
361,215
361,216
362,192
362,97
362,418
362,262
362,109
362,500
362,53
362,150
362,25
363,422
363,441
363,400
363,144
363,82
363,377
363,186
364,227
364,580
364,261
364,136
364,175
364,437
364,574
365,332
365,55
366,160
366,227
366,38
366,334
366,50
366,469
366,88
367,48
367,355
367,572
367,118
368,581
368,169
368,202
368,139
368,207
368,287
369,490
369,394
369,140
369,404
369,381
370,225
370,426
370,181
370,591
371,496
371,562
371,226
371,582
372,193
372,68
372,265
372,184
372,121
372,56
373,512
373,2
373,234
373,57
373,156
374,240
374,154
374,551
374,295
375,589
376,225
376,587
376,140
376,433
376,503
376,152
376,63
377,481
377,418
377,363
377,400
377,530
377,82
378,426
378,74
378,591
378,433
378,181
378,511
379,480
379,290
379,104
379,243
379,212
379,405
379,54
379,19
380,387
380,133
380,391
380,236
380,460
381,32
381,490
381,394
381,369
381,318
382,448
382,2
382,232
382,234
382,343
382,57
383,128
383,289
383,326
383,265
383,266
383,297
384,417
384,65
384,548
384,39
384,314
384,174
384,271
384,465
384,114
384,241
384,87
384,312
384,281
384,250
384,444
385,67
385,454
385,266
385,11
385,493
385,528
386,485
386,358
386,392
386,42
386,235
386,190
386,351
387,460
387,236
387,117
387,86
387,380
388,356
389,71
389,264
389,103
389,78
389,238
389,178
389,212
390,593
390,297
390,15
391,0
391,577
391,133
391,7
391,456
391,460
391,302
391,564
391,244
391,344
391,380
392,386
392,485
392,358
392,170
392,107
392,529
392,117
392,126
392,254
393,105
393,129
393,91
393,229
394,32
394,451
394,455
394,490
394,369
394,89
394,381
395,58
395,156
395,98
396,198
396,329
396,430
396,111
396,273
396,438
396,502
396,445
397,201
397,233
397,527
397,499
397,347
398,38
398,495
398,498
398,469
398,501
398,249
398,188
398,62
398,286
399,266
399,67
399,556
399,454
400,481
400,547
400,293
400,363
400,441
400,530
400,82
400,377
400,124
401,257
401,322
401,517
401,294
401,487
401,40
401,492
401,467
401,596
401,313
402,583
402,51
402,567
402,253
402,413
403,225
403,100
403,137
403,587
403,140
403,404
403,89
403,508
403,29
403,63
404,451
404,490
404,369
404,403
404,89
404,508
404,29
405,104
405,379
405,594
405,139
406,321
406,357
406,585
406,298
406,457
406,568
406,301
406,213
406,216
407,169
407,203
407,287
408,419
408,163
408,464
408,499
408,537
409,578
409,197
409,551
409,47
409,177
409,338
409,536
409,571
410,99
410,541
410,350
410,231
411,130
411,485
411,424
411,170
411,107
411,235
411,13
411,529
411,254
412,423
412,14
412,55
412,59
412,220
413,320
413,195
413,484
413,76
413,402
413,597
413,220
413,61
414,96
414,544
414,520
414,9
414,268
414,17
414,60
415,432
415,54
415,252
415,446
415,287
416,96
416,171
416,13
416,240
416,529
416,248
417,384
417,65
417,39
417,75
417,314
417,271
417,79
417,465
417,250
417,348
418,192
418,481
418,547
418,362
418,109
418,500
418,150
418,377
418,124
418,223
419,163
419,131
419,421
419,46
419,464
419,408
419,255
420,440
420,222
420,95
421,419
421,228
421,163
421,135
421,359
421,336
421,439
421,93
421,255
422,259
422,363
422,461
422,239
422,144
422,82
422,147
422,311
422,319
423,505
423,412
423,350
423,332
424,485
424,295
424,170
424,107
424,235
424,529
424,246
424,411
424,254
425,70
425,299
425,333
425,206
425,275
425,443
425,509
426,225
426,591
426,370
426,181
426,378
426,28
426,63
427,506
427,252
427,199
428,355
428,115
429,71
429,298
429,431
429,435
429,215
429,568
429,217
430,198
430,327
430,329
430,396
430,445
431,361
431,585
431,429
431,213
431,215
431,568
431,216
432,581
432,139
432,560
432,336
432,54
432,415
433,376
433,549
433,511
433,108
433,591
433,503
433,152
433,378
433,63
434,331
434,292
434,269
435,71
435,361
435,298
435,429
435,558
435,215
435,345
436,175
436,437
436,279
436,570
436,125
436,159
437,136
437,364
437,436
437,570
437,574
438,288
438,483
438,324
438,550
438,155
438,396
438,205
438,111
438,145
438,280
438,539
438,507
438,477
438,445
439,163
439,195
439,421
439,46
439,464
439,51
439,93
440,420
440,565
441,487
441,105
441,363
441,400
441,305
441,277
442,477
442,356
442,453
442,535
443,256
443,70
443,425
443,173
443,206
443,509
444,384
444,39
444,237
444,271
444,114
445,288
445,198
445,396
445,205
445,430
445,111
445,276
445,438
445,280
445,155
446,415
446,252
446,566
446,199
447,232
447,546
447,524
447,221
448,69
448,229
448,209
448,343
448,382
449,98
449,555
449,15
449,80
449,593
450,290
450,36
450,549
450,283
450,146
450,533
450,342
450,503
450,475
451,100
451,137
451,394
451,587
451,140
451,589
451,404
451,508
451,29
452,260
452,176
452,532
452,340
452,472
452,315
453,162
453,145
453,276
453,442
453,507
454,289
454,385
454,326
454,266
454,399
454,528
454,184
455,330
455,267
455,110
455,394
456,69
456,133
456,391
456,460
456,209
456,244
456,344
456,540
457,321
457,353
457,335
457,406
457,474
458,584
458,233
458,243
458,533
458,342
458,476
459,144
459,259
459,461
459,470
460,387
460,133
460,391
460,456
460,236
460,209
460,380
461,259
461,422
461,459
461,239
461,82
461,147
461,21
461,470
461,319
462,569
462,10
462,189
462,182
463,521
463,172
463,45
463,561
463,466
463,532
463,315
464,131
464,419
464,163
464,195
464,201
464,113
464,439
464,408
464,61
465,384
465,417
465,65
465,39
465,588
465,271
465,114
465,250
465,348
466,45
466,463
467,257
467,291
467,40
467,401
467,596
467,502
468,482
468,166
468,22
468,153
468,538
469,334
469,366
469,398
469,50
469,188
470,259
470,105
470,459
470,461
470,239
470,144
470,305
470,82
470,284
471,531
471,566
471,570
471,252
471,125
472,452
472,172
472,176
472,532
472,315
473,256
473,299
473,81
473,567
473,30
473,31
474,321
474,353
474,457
474,335
475,450
475,36
475,146
475,85
475,503
475,283
475,511
476,36
476,458
476,108
476,302
476,146
476,344
477,288
477,162
477,324
477,356
477,550
477,145
477,276
477,438
477,507
477,280
477,442
477,155
478,584
478,533
479,482
479,166
479,521
479,142
479,176
479,561
479,83
479,22
479,153
480,161
480,104
480,557
480,243
480,19
480,379
480,511
481,418
481,547
481,262
481,487
481,134
481,400
481,147
481,377
481,124
482,166
482,142
482,561
482,468
482,22
482,153
482,218
482,479
483,288
483,324
483,550
483,522
483,205
483,502
483,438
483,539
484,43
484,597
484,182
484,220
484,61
484,413
485,386
485,358
485,424
485,392
485,235
485,21
485,183
485,411
485,351
486,123
486,260
487,257
487,481
487,293
487,294
487,313
487,40
487,492
487,401
487,148
487,596
487,149
487,277
487,441
487,221
488,573
488,510
489,50
489,498
489,38
490,32
490,394
490,369
490,404
490,381
490,318
492,257
492,322
492,517
492,294
492,487
492,40
492,401
492,596
492,309
492,313
493,385
493,67
493,285
493,167
494,62
494,249
494,30
495,38
495,398
495,498
495,501
495,88
495,188
495,62
496,226
496,371
496,562
496,525
497,33
497,331
497,77
497,179
497,86
497,189
497,24
497,157
498,38
498,489
498,398
498,495
498,501
498,188
499,408
499,201
499,397
499,527
500,418
500,547
500,362
500,109
500,223
501,398
501,495
501,498
501,88
501,249
501,188
501,62
501,286
502,483
502,329
502,522
502,396
502,273
502,467
502,539
503,450
503,100
503,376
503,108
503,433
503,146
503,152
503,475
504,1
504,258
504,300
504,337
504,18
504,306
504,94
505,423
505,72
505,332
505,187
505,350
506,217
506,552
506,427
506,558
506,112
506,341
506,345
507,356
507,453
507,102
507,550
507,324
507,145
507,276
507,438
507,535
507,155
507,477
508,89
508,403
508,404
508,451
509,425
509,443
509,101
509,231
510,488
510,345
510,316
510,213
511,480
511,290
511,104
511,283
511,433
511,146
511,85
511,342
511,378
511,475
512,194
512,2
512,296
512,555
512,373
512,318
513,100
513,140
513,110
513,152
513,63
514,105
514,42
514,91
514,343
515,361
515,298
515,585
515,562
515,213
515,568
515,216
516,164
516,325
516,263
516,187
516,349
516,191
517,257
517,293
517,294
517,40
517,492
517,16
517,401
517,596
517,148
517,313
518,219
519,72
519,99
519,164
520,96
520,544
520,9
520,122
520,414
521,561
521,463
521,315
521,479
522,291
522,483
522,273
522,116
522,502
523,544
523,354
523,9
523,73
523,17
523,339
523,180
523,60
524,546
524,291
524,590
524,221
524,447
525,496
525,573
526,256
526,206
527,584
527,233
527,201
527,397
527,499
527,347
528,385
528,266
528,67
528,454
529,416
529,358
529,392
529,424
529,170
529,107
529,171
529,13
529,235
529,254
529,411
529,126
529,351
530,545
530,547
530,293
530,294
530,400
530,148
530,377
530,186
530,251
530,124
531,471
531,308
531,566
531,214
531,125
532,472
532,452
532,172
532,463
533,450
533,233
533,458
533,557
533,146
533,243
533,85
533,478
534,128
534,56
534,307
534,326
535,442
535,507
535,196
535,102
536,47
536,177
536,20
536,151
536,409
536,90
537,408
537,113
538,83
538,563
538,468
538,218
538,28
539,288
539,483
539,324
539,438
539,502
540,0
540,577
540,69
540,133
540,7
540,456
540,302
540,209
540,564
540,244
541,410
541,99
541,333
541,559
542,556
542,158
542,167
543,328
543,589
544,96
544,520
544,9
544,523
544,204
544,17
544,248
544,414
545,530
545,306
545,547
545,251
546,232
546,524
546,277
546,447
547,481
547,418
547,545
547,97
547,262
547,400
547,530
547,500
547,251
547,124
548,384
548,65
548,250
548,241
548,150
548,87
548,314
549,450
549,6
549,108
549,110
549,302
549,433
549,146
549,282
550,288
550,483
550,324
550,111
550,145
550,438
550,507
550,280
550,58
550,155
550,477
551,64
551,578
551,197
551,47
551,240
551,177
551,20
551,374
551,409
551,154
552,217
552,71
552,558
552,345
552,506
553,331
553,77
553,117
553,86
553,157
553,575
554,264
554,317
555,512
555,32
555,98
555,194
555,449
555,296
555,593
555,58
555,156
556,158
556,542
556,399
557,480
557,19
557,243
557,533
557,342
558,217
558,71
558,552
558,106
558,238
558,78
558,435
558,341
558,345
558,506
559,541
559,99
559,333
560,199
560,207
560,432
560,594
560,252
560,287
561,482
561,521
561,172
561,142
561,463
561,315
561,479
562,226
562,515
562,585
562,496
562,371
562,213
562,215
562,568
563,323
563,166
563,218
563,142
563,242
563,538
564,133
564,6
564,391
564,282
564,302
564,211
564,244
564,344
564,26
564,540
565,440
566,199
566,531
566,471
566,570
566,252
566,446
567,256
567,320
567,70
567,299
567,81
567,402
567,51
567,473
567,30
567,31
568,515
568,357
568,361
568,429
568,431
568,562
568,213
568,406
568,215
568,216
569,9
569,204
569,462
569,339
569,599
569,189
570,199
570,436
570,437
570,566
570,471
570,159
571,197
571,48
571,338
571,409
571,95
572,208
572,34
572,367
573,488
573,316
573,525
573,308
574,580
574,261
574,136
574,364
574,175
574,245
574,437
574,127
575,553
575,77
575,269
575,86
576,39
576,588
576,114
576,281
576,250
577,0
577,133
577,6
577,7
577,391
577,110
577,302
577,209
577,211
577,244
577,282
577,540
578,409
578,20
578,551
578,47
579,41
579,4
579,52
580,261
580,168
580,136
580,364
580,574
581,169
581,141
581,368
581,432
581,279
581,125
581,287
582,226
582,371
583,359
583,81
583,402
583,253
583,93
584,201
584,458
584,233
584,527
584,478
585,515
585,357
585,361
585,301
585,431
585,562
585,406
585,216
586,272
586,130
586,12
587,451
587,100
587,376
587,137
587,140
587,403
587,152
587,89
587,29
587,63
588,576
588,3
588,465
588,114
588,312
588,348
589,451
589,375
589,543
590,232
590,524
590,309
591,225
591,290
591,426
591,433
591,370
591,85
591,181
591,378
591,283
592,299
592,30
593,449
593,390
593,296
593,555
593,80
594,560
594,139
594,405
594,54
595,66
595,200
595,264
595,215
595,317
596,257
596,517
596,293
596,487
596,40
596,492
596,401
596,18
596,467
596,149
596,313
597,484
597,332
597,14
597,55
597,59
597,413
598,73
598,10
598,180
598,60
599,569
599,171
599,204
599,157
